  0.70147491  0.23856220  0.05344582  0.00578767  0.00072940  0.00000000
  0.20815017  0.60110378  0.17792959  0.01137179  0.00144467  0.00000000
  0.08748743  0.31947907  0.51669981  0.07077254  0.00556116  0.00000000
  0.03560963  0.13480356  0.35675240  0.41798453  0.05484988  0.00000000
  0.01037656  0.03983605  0.19683720  0.33550682  0.41744337  0.00000000
  0.00000000  0.00000000  0.00000000  0.00000000  0.00000000  1.00000000
  0.70174688  0.23791689  0.05368096  0.00589282  0.00076245  0.00000000
  0.20449608  0.60368795  0.17881137  0.01152872  0.00147588  0.00000000
  0.08532061  0.31607282  0.52096311  0.07194502  0.00569843  0.00000000
  0.03465876  0.13010374  0.35495893  0.42408515  0.05619342  0.00000000
  0.01011743  0.03881462  0.19063390  0.33431314  0.42612092  0.00000000
  0.00000000  0.00000000  0.00000000  0.00000000  0.00000000  1.00000000
  0.70201454  0.23727184  0.05391679  0.00599985  0.00079699  0.00000000
  0.20088958  0.60623323  0.17968269  0.01168686  0.00150764  0.00000000
  0.08319515  0.31265662  0.52518388  0.07312611  0.00583823  0.00000000
  0.03372248  0.12552758  0.35306143  0.43013708  0.05755144  0.00000000
  0.00986070  0.03780377  0.18454991  0.33298626  0.43479936  0.00000000
  0.00000000  0.00000000  0.00000000  0.00000000  0.00000000  1.00000000
  0.70227781  0.23662702  0.05415331  0.00610878  0.00083308  0.00000000
  0.19733061  0.60873967  0.18054356  0.01184620  0.00153996  0.00000000
  0.08111072  0.30923193  0.52936109  0.07431567  0.00598059  0.00000000
  0.03280115  0.12107417  0.35106327  0.43613773  0.05892369  0.00000000
  0.00960655  0.03680420  0.17858705  0.33152904  0.44347317  0.00000000
  0.00000000  0.00000000  0.00000000  0.00000000  0.00000000  1.00000000
  0.70253661  0.23598241  0.05439052  0.00621964  0.00087081  0.00000000
  0.19381911  0.61120733  0.18139397  0.01200674  0.00157285  0.00000000
  0.07906700  0.30580017  0.53349375  0.07551357  0.00612552  0.00000000
  0.03189507  0.11674245  0.34896793  0.44208465  0.06030990  0.00000000
  0.00935517  0.03581654  0.17274687  0.32994455  0.45213687  0.00000000
  0.00000000  0.00000000  0.00000000  0.00000000  0.00000000  1.00000000
  0.70279086  0.23533801  0.05462841  0.00633248  0.00091024  0.00000000
  0.19035498  0.61363629  0.18223392  0.01216850  0.00160631  0.00000000
  0.07706362  0.30236275  0.53758090  0.07671968  0.00627305  0.00000000
  0.03100452  0.11253126  0.34677891  0.44797548  0.06170983  0.00000000
  0.00910671  0.03484143  0.16703072  0.32823605  0.46078509  0.00000000
  0.00000000  0.00000000  0.00000000  0.00000000  0.00000000  1.00000000
  0.70304048  0.23469379  0.05486696  0.00644732  0.00095145  0.00000000
  0.18693813  0.61602663  0.18306342  0.01233146  0.00164036  0.00000000
  0.07510022  0.29892107  0.54162163  0.07793387  0.00642322  0.00000000
  0.03012976  0.10843928  0.34449975  0.45380799  0.06312322  0.00000000
  0.00886134  0.03387942  0.16143970  0.32640695  0.46941259  0.00000000
  0.00000000  0.00000000  0.00000000  0.00000000  0.00000000  1.00000000
  0.70328537  0.23404973  0.05510618  0.00656420  0.00099451  0.00000000
  0.18356841  0.61837847  0.18388247  0.01249565  0.00167500  0.00000000
  0.07317642  0.29547649  0.54561504  0.07915600  0.00657604  0.00000000
  0.02927099  0.10446510  0.34213404  0.45958004  0.06454983  0.00000000
  0.00861920  0.03293107  0.15597467  0.32446084  0.47801421  0.00000000
  0.00000000  0.00000000  0.00000000  0.00000000  0.00000000  1.00000000
  0.70352545  0.23340581  0.05534606  0.00668315  0.00103952  0.00000000
  0.18024568  0.62069193  0.18469110  0.01266105  0.00171024  0.00000000
  0.07129184  0.29203037  0.54956029  0.08038595  0.00673155  0.00000000
  0.02842839  0.10060718  0.33968538  0.46528964  0.06598941  0.00000000
  0.00838043  0.03199687  0.15063629  0.32240144  0.48658496  0.00000000
  0.00000000  0.00000000  0.00000000  0.00000000  0.00000000  1.00000000
  0.70376062  0.23276202  0.05558659  0.00680421  0.00108656  0.00000000
  0.17696977  0.62296715  0.18548931  0.01282768  0.00174609  0.00000000
  0.06944607  0.28858402  0.55345656  0.08162358  0.00688978  0.00000000
  0.02760213  0.09686391  0.33715738  0.47093487  0.06744172  0.00000000
  0.00814516  0.03107728  0.14542498  0.32023261  0.49511996  0.00000000
  0.00000000  0.00000000  0.00000000  0.00000000  0.00000000  1.00000000
  0.70399078  0.23211832  0.05582776  0.00692741  0.00113572  0.00000000
  0.17374050  0.62520427  0.18627714  0.01299554  0.00178255  0.00000000
  0.06763869  0.28513875  0.55730307  0.08286875  0.00705074  0.00000000
  0.02679230  0.09323358  0.33455366  0.47651395  0.06890652  0.00000000
  0.00791351  0.03017273  0.14034097  0.31795829  0.50361450  0.00000000
  0.00000000  0.00000000  0.00000000  0.00000000  0.00000000  1.00000000
  0.70421585  0.23147470  0.05606957  0.00705279  0.00118709  0.00000000
  0.17055766  0.62740345  0.18705462  0.01316462  0.00181965  0.00000000
  0.06586929  0.28169583  0.56109907  0.08412135  0.00721447  0.00000000
  0.02599901  0.08971437  0.33187784  0.48202519  0.07038358  0.00000000
  0.00768558  0.02928360  0.13538426  0.31558256  0.51206401  0.00000000
  0.00000000  0.00000000  0.00000000  0.00000000  0.00000000  1.00000000
  0.70443570  0.23083114  0.05631200  0.00718039  0.00124078  0.00000000
  0.16742102  0.62956488  0.18782176  0.01333495  0.00185738  0.00000000
  0.06413741  0.27825652  0.56484385  0.08538122  0.00738099  0.00000000
  0.02522232  0.08630443  0.32913352  0.48746704  0.07187267  0.00000000
  0.00746147  0.02841023  0.13055465  0.31310956  0.52046409  0.00000000
  0.00000000  0.00000000  0.00000000  0.00000000  0.00000000  1.00000000
  0.70465023  0.23018761  0.05655504  0.00731024  0.00129688  0.00000000
  0.16433036  0.63168874  0.18857862  0.01350651  0.00189576  0.00000000
  0.06244264  0.27482204  0.56853674  0.08664825  0.00755034  0.00000000
  0.02446227  0.08300182  0.32632430  0.49283803  0.07337358  0.00000000
  0.00724128  0.02755293  0.12585177  0.31054351  0.52881052  0.00000000
  0.00000000  0.00000000  0.00000000  0.00000000  0.00000000  1.00000000
  0.70485934  0.22954408  0.05679870  0.00744237  0.00135552  0.00000000
  0.16128542  0.63377523  0.18932522  0.01367933  0.00193480  0.00000000
  0.06078449  0.27139357  0.57217710  0.08792229  0.00772254  0.00000000
  0.02371886  0.07980454  0.32345374  0.49813679  0.07488607  0.00000000
  0.00702508  0.02671198  0.12127504  0.30788867  0.53709923  0.00000000
  0.00000000  0.00000000  0.00000000  0.00000000  0.00000000  1.00000000
  0.70506290  0.22890053  0.05704295  0.00757684  0.00141679  0.00000000
  0.15828594  0.63582455  0.19006161  0.01385339  0.00197451  0.00000000
  0.05916253  0.26797230  0.57576432  0.08920323  0.00789762  0.00000000
  0.02299209  0.07671054  0.32052536  0.50336208  0.07640993  0.00000000
  0.00681294  0.02588760  0.11682373  0.30514938  0.54532636  0.00000000
  0.00000000  0.00000000  0.00000000  0.00000000  0.00000000  1.00000000
  0.70526080  0.22825693  0.05728778  0.00771367  0.00148082  0.00000000
  0.15533163  0.63783694  0.19078783  0.01402871  0.00201489  0.00000000
  0.05757627  0.26455937  0.57929784  0.09049092  0.00807560  0.00000000
  0.02228192  0.07371772  0.31754266  0.50851273  0.07794497  0.00000000
  0.00660493  0.02507999  0.11249691  0.30232996  0.55348821  0.00000000
  0.00000000  0.00000000  0.00000000  0.00000000  0.00000000  1.00000000
  0.70545291  0.22761326  0.05753319  0.00785291  0.00154773  0.00000000
  0.15242220  0.63981262  0.19150393  0.01420529  0.00205596  0.00000000
  0.05602524  0.26115587  0.58277712  0.09178525  0.00825652  0.00000000
  0.02158828  0.07082397  0.31450909  0.51358770  0.07949097  0.00000000
  0.00640109  0.02428932  0.10829353  0.29943478  0.56158128  0.00000000
  0.00000000  0.00000000  0.00000000  0.00000000  0.00000000  1.00000000
  0.70563911  0.22696948  0.05777916  0.00799460  0.00161765  0.00000000
  0.14955733  0.64175183  0.19220996  0.01438314  0.00209773  0.00000000
  0.05450897  0.25776290  0.58620166  0.09308607  0.00844040  0.00000000
  0.02091110  0.06802710  0.31142805  0.51858600  0.08104773  0.00000000
  0.00620146  0.02351572  0.10421236  0.29646821  0.56960224  0.00000000
  0.00000000  0.00000000  0.00000000  0.00000000  0.00000000  1.00000000
  0.70581927  0.22632557  0.05802568  0.00813877  0.00169071  0.00000000
  0.14673672  0.64365483  0.19290598  0.01456226  0.00214021  0.00000000
  0.05302695  0.25438151  0.58957098  0.09439328  0.00862728  0.00000000
  0.02025029  0.06532495  0.30830290  0.52350679  0.08261508  0.00000000
  0.00600609  0.02275927  0.10025205  0.29343460  0.57754798  0.00000000
  0.00000000  0.00000000  0.00000000  0.00000000  0.00000000  1.00000000
  0.70599324  0.22568149  0.05827274  0.00828547  0.00176706  0.00000000
  0.14396002  0.64552186  0.19359205  0.01474267  0.00218340  0.00000000
  0.05157870  0.25101272  0.59288467  0.09570673  0.00881718  0.00000000
  0.01960572  0.06271529  0.30513691  0.52834927  0.08419282  0.00000000
  0.00581500  0.02202005  0.09641112  0.29033829  0.58541554  0.00000000
  0.00000000  0.00000000  0.00000000  0.00000000  0.00000000  1.00000000
  0.70616088  0.22503722  0.05852033  0.00843474  0.00184684  0.00000000
  0.14122690  0.64735319  0.19426821  0.01492436  0.00222733  0.00000000
  0.05016373  0.24765753  0.59614232  0.09702630  0.00901013  0.00000000
  0.01897725  0.06019590  0.30193333  0.53311275  0.08578077  0.00000000
  0.00562820  0.02129809  0.09268795  0.28718359  0.59320217  0.00000000
  0.00000000  0.00000000  0.00000000  0.00000000  0.00000000  1.00000000
  0.70632205  0.22439272  0.05876842  0.00858661  0.00193020  0.00000000
  0.13853700  0.64914911  0.19493454  0.01510735  0.00227200  0.00000000
  0.04878152  0.24431689  0.59934356  0.09835188  0.00920616  0.00000000
  0.01836475  0.05776456  0.29869531  0.53779662  0.08737875  0.00000000
  0.00544571  0.02059338  0.08908083  0.28397476  0.60090531  0.00000000
  0.00000000  0.00000000  0.00000000  0.00000000  0.00000000  1.00000000
  0.70647659  0.22374795  0.05901701  0.00874114  0.00201731  0.00000000
  0.13588996  0.65090988  0.19559111  0.01529163  0.00231742  0.00000000
  0.04743158  0.24099174  0.60248805  0.09968333  0.00940530  0.00000000
  0.01776805  0.05541903  0.29542595  0.54240036  0.08898661  0.00000000
  0.00526753  0.01990592  0.08558794  0.28071603  0.60852259  0.00000000
  0.00000000  0.00000000  0.00000000  0.00000000  0.00000000  1.00000000
  0.70662435  0.22310288  0.05926608  0.00889836  0.00210833  0.00000000
  0.13328540  0.65263580  0.19623796  0.01547723  0.00236360  0.00000000
  0.04611339  0.23768298  0.60557550  0.10102054  0.00960758  0.00000000
  0.01718696  0.05315708  0.29212828  0.54692350  0.09060417  0.00000000
  0.00509365  0.01923563  0.08220737  0.27741156  0.61605179  0.00000000
  0.00000000  0.00000000  0.00000000  0.00000000  0.00000000  1.00000000
  0.70676515  0.22245748  0.05951561  0.00905833  0.00220343  0.00000000
  0.13072295  0.65432717  0.19687518  0.01566414  0.00241056  0.00000000
  0.04482645  0.23439149  0.60860564  0.10236339  0.00981304  0.00000000
  0.01662130  0.05097648  0.28880526  0.55136568  0.09223129  0.00000000
  0.00492406  0.01858246  0.07893713  0.27406544  0.62349092  0.00000000
  0.00000000  0.00000000  0.00000000  0.00000000  0.00000000  1.00000000
  0.70689884  0.22181170  0.05976559  0.00922107  0.00230280  0.00000000
  0.12820220  0.65598427  0.19750284  0.01585238  0.00245831  0.00000000
  0.04357025  0.23111809  0.61157821  0.10371175  0.01002169  0.00000000
  0.01607086  0.04887501  0.28545975  0.55572658  0.09386780  0.00000000
  0.00475874  0.01794629  0.07577515  0.27068170  0.63083812  0.00000000
  0.00000000  0.00000000  0.00000000  0.00000000  0.00000000  1.00000000
  0.70702523  0.22116550  0.06001599  0.00938664  0.00240663  0.00000000
  0.12572277  0.65760742  0.19812100  0.01604194  0.00250686  0.00000000
  0.04234427  0.22786360  0.61449303  0.10506552  0.01023358  0.00000000
  0.01553543  0.04685046  0.28209457  0.56000598  0.09551356  0.00000000
  0.00459768  0.01732701  0.07271929  0.26726427  0.63809174  0.00000000
  0.00000000  0.00000000  0.00000000  0.00000000  0.00000000  1.00000000
  0.70714415  0.22051885  0.06026681  0.00955508  0.00251511  0.00000000
  0.12328425  0.65919693  0.19872974  0.01623285  0.00255623  0.00000000
  0.04114800  0.22462880  0.61734989  0.10642457  0.01044874  0.00000000
  0.01501479  0.04490066  0.27871243  0.56420369  0.09716844  0.00000000
  0.00444085  0.01672448  0.06976738  0.26381701  0.64525029  0.00000000
  0.00000000  0.00000000  0.00000000  0.00000000  0.00000000  1.00000000
  0.70725539  0.21987170  0.06051802  0.00972644  0.00262845  0.00000000
  0.12088623  0.66075311  0.19932915  0.01642510  0.00260642  0.00000000
  0.03998092  0.22141444  0.62014865  0.10778880  0.01066719  0.00000000
  0.01450871  0.04302342  0.27531597  0.56831961  0.09883229  0.00000000
  0.00428820  0.01613852  0.06691716  0.26034369  0.65231243  0.00000000
  0.00000000  0.00000000  0.00000000  0.00000000  0.00000000  1.00000000
  0.71988524  0.24138709  0.03053569  0.00564383  0.00168849  0.00085966
  0.10473137  0.73378220  0.14663135  0.01330582  0.00061785  0.00093141
  0.01309380  0.17932702  0.69949711  0.09563329  0.00961600  0.00283278
  0.00521216  0.02231583  0.22849107  0.64936485  0.08341573  0.01120036
  0.00886197  0.00424920  0.02236924  0.22449520  0.69736787  0.04265652
  0.00000000  0.00000000  0.00000000  0.00000000  0.00000000  1.00000000
  0.71784967  0.24213686  0.03133639  0.00592496  0.00178791  0.00096421
  0.10323427  0.73232938  0.14895840  0.01374758  0.00068557  0.00104480
  0.01307063  0.17779868  0.69846298  0.09762039  0.00992650  0.00312084
  0.00526132  0.02240061  0.22659924  0.64895774  0.08475403  0.01202706
  0.00829208  0.00433549  0.02273633  0.22236257  0.69685568  0.04541784
  0.00000000  0.00000000  0.00000000  0.00000000  0.00000000  1.00000000
  0.71577569  0.24287398  0.03215609  0.00621972  0.00189307  0.00108145
  0.10174868  0.73080841  0.15130767  0.01420263  0.00076064  0.00117197
  0.01304625  0.17626653  0.69736383  0.09963927  0.01024604  0.00343809
  0.00531041  0.02248348  0.22470067  0.64848623  0.08610523  0.01291398
  0.00775693  0.00442245  0.02310375  0.22019587  0.69617212  0.04834888
  0.00000000  0.00000000  0.00000000  0.00000000  0.00000000  1.00000000
  0.71366142  0.24359754  0.03299510  0.00652872  0.00200429  0.00121293
  0.10027439  0.72921734  0.15367855  0.01467127  0.00084384  0.00131461
  0.01302062  0.17473020  0.69619712  0.10168978  0.01057482  0.00378747
  0.00535940  0.02256430  0.22279473  0.64794737  0.08746883  0.01386538
  0.00725446  0.00450999  0.02347109  0.21799445  0.69531113  0.05145888
  0.00000000  0.00000000  0.00000000  0.00000000  0.00000000  1.00000000
  0.71150485  0.24430659  0.03385369  0.00685260  0.00212189  0.00136038
  0.09881119  0.72755405  0.15607034  0.01515380  0.00093605  0.00147457
  0.01299369  0.17318926  0.69496013  0.10377170  0.01091302  0.00417220
  0.00540824  0.02264292  0.22088074  0.64733799  0.08884428  0.01488582
  0.00678273  0.00459805  0.02383792  0.21575758  0.69426631  0.05475742
  0.00000000  0.00000000  0.00000000  0.00000000  0.00000000  1.00000000
  0.70930380  0.24500009  0.03473213  0.00719203  0.00224623  0.00152572
  0.09735883  0.72581622  0.15848226  0.01565051  0.00103822  0.00165397
  0.01296540  0.17164326  0.69364995  0.10588474  0.01126081  0.00459584
  0.00545691  0.02271921  0.21895799  0.64665476  0.09023098  0.01598015
  0.00633992  0.00468652  0.02420377  0.21348446  0.69303092  0.05825441
  0.00000000  0.00000000  0.00000000  0.00000000  0.00000000  1.00000000
  0.70705592  0.24567692  0.03563065  0.00754770  0.00237768  0.00171113
  0.09591705  0.72400131  0.16091339  0.01616168  0.00115141  0.00185515
  0.01293571  0.17009169  0.69226346  0.10802851  0.01161836  0.00506227
  0.00550535  0.02279299  0.21702574  0.64589415  0.09162824  0.01715352
  0.00592430  0.00477532  0.02456814  0.21117428  0.69159787  0.06196009
  0.00000000  0.00000000  0.00000000  0.00000000  0.00000000  1.00000000
  0.70475867  0.24633587  0.03654949  0.00792033  0.00251662  0.00191902
  0.09448559  0.72210653  0.16336273  0.01668761  0.00127679  0.00208075
  0.01290454  0.16853404  0.69079728  0.11020253  0.01198583  0.00557578
  0.00555351  0.02286411  0.21508320  0.64505243  0.09303531  0.01841144
  0.00553426  0.00486433  0.02493048  0.20882614  0.68995978  0.06588500
  0.00000000  0.00000000  0.00000000  0.00000000  0.00000000  1.00000000
  0.70240929  0.24697564  0.03748885  0.00831064  0.00266346  0.00215212
  0.09306413  0.72012884  0.16582911  0.01722854  0.00141566  0.00233373
  0.01287184  0.16696972  0.68924781  0.11240621  0.01236337  0.00614105
  0.00560134  0.02293238  0.21312953  0.64412564  0.09445136  0.01975975
  0.00516828  0.00495344  0.02529020  0.20643912  0.68810897  0.07003998
  0.00000000  0.00000000  0.00000000  0.00000000  0.00000000  1.00000000
  0.70000482  0.24759481  0.03844889  0.00871941  0.00281860  0.00241346
  0.09165235  0.71806487  0.16831124  0.01778473  0.00156943  0.00261738
  0.01283752  0.16539811  0.68761115  0.11463885  0.01275113  0.00676324
  0.00564879  0.02299762  0.21116387  0.64310960  0.09587545  0.02120466
  0.00482491  0.00504253  0.02564668  0.20401229  0.68603748  0.07443611
  0.00000000  0.00000000  0.00000000  0.00000000  0.00000000  1.00000000
  0.69754203  0.24819186  0.03942975  0.00914741  0.00298250  0.00270645
  0.09024990  0.71591096  0.17080764  0.01835643  0.00173967  0.00293540
  0.01280152  0.16381855  0.68588313  0.11689959  0.01314922  0.00744800
  0.00569580  0.02305962  0.20918530  0.64199992  0.09730658  0.02275278
  0.00450280  0.00513145  0.02599924  0.20154469  0.68373712  0.07908470
  0.00000000  0.00000000  0.00000000  0.00000000  0.00000000  1.00000000
  0.69501739  0.24876511  0.04043154  0.00959545  0.00315561  0.00303490
  0.08885640  0.71366304  0.17331668  0.01894383  0.00192810  0.00329194
  0.01276375  0.16223030  0.68405923  0.11918745  0.01355775  0.00820151
  0.00574229  0.02311817  0.20719287  0.64079193  0.09874363  0.02441111
  0.00420069  0.00522007  0.02634717  0.19903535  0.68119947  0.08399725
  0.00000000  0.00000000  0.00000000  0.00000000  0.00000000  1.00000000
  0.69242712  0.24931275  0.04145430  0.01006434  0.00333841  0.00340308
  0.08747145  0.71131667  0.17583649  0.01954714  0.00213663  0.00369163
  0.01272413  0.16063259  0.68213462  0.12150129  0.01397682  0.00903056
  0.00578822  0.02317305  0.20518556  0.63948073  0.10018537  0.02618707
  0.00391737  0.00530822  0.02668972  0.19648332  0.67841597  0.08918541
  0.00000000  0.00000000  0.00000000  0.00000000  0.00000000  1.00000000
  0.68976706  0.24983283  0.04249804  0.01055494  0.00353139  0.00381575
  0.08609459  0.70886696  0.17836499  0.02016649  0.00236734  0.00413963
  0.01268255  0.15902458  0.68010406  0.12383977  0.01440647  0.00994258
  0.00583349  0.02322402  0.20316235  0.63806115  0.10163048  0.02808851
  0.00365173  0.00539573  0.02702607  0.19388766  0.67537791  0.09466090
  0.00000000  0.00000000  0.00000000  0.00000000  0.00000000  1.00000000
  0.68703271  0.25032321  0.04356270  0.01106808  0.00373506  0.00427824
  0.08472535  0.70630851  0.18089983  0.02080202  0.00262252  0.00464176
  0.01263891  0.15740535  0.67796193  0.12620136  0.01484676  0.01094569
  0.00587804  0.02327082  0.20112213  0.63652778  0.10307749  0.03012374
  0.00340269  0.00548242  0.02735540  0.19124749  0.67207651  0.10043548
  0.00000000  0.00000000  0.00000000  0.00000000  0.00000000  1.00000000
  0.68421917  0.25078155  0.04464815  0.01160465  0.00394996  0.00479653
  0.08336321  0.70363540  0.18343841  0.02145380  0.00290470  0.00520447
  0.01259310  0.15577395  0.67570217  0.12858432  0.01529769  0.01204877
  0.00592179  0.02331320  0.19906376  0.63487489  0.10452482  0.03230155
  0.00316927  0.00556811  0.02767680  0.18856196  0.66850297  0.10652089
  0.00000000  0.00000000  0.00000000  0.00000000  0.00000000  1.00000000
  0.68132108  0.25120530  0.04575420  0.01216551  0.00417664  0.00537726
  0.08200761  0.70084112  0.18597777  0.02212186  0.00321664  0.00583500
  0.01254501  0.15412931  0.67331827  0.13098666  0.01575923  0.01326152
  0.00596463  0.02335086  0.19698609  0.63309651  0.10597075  0.03463117
  0.00295054  0.00565259  0.02798935  0.18583028  0.66464852  0.11292872
  0.00000000  0.00000000  0.00000000  0.00000000  0.00000000  1.00000000
  0.67833264  0.25159171  0.04688056  0.01275155  0.00441566  0.00602788
  0.08065793  0.69791850  0.18851461  0.02280617  0.00356137  0.00654142
  0.01249450  0.15247030  0.67080321  0.13340613  0.01623132  0.01459454
  0.00600648  0.02338352  0.19488787  0.63118636  0.10741341  0.03712236
  0.00274560  0.00573564  0.02829207  0.18305178  0.66050452  0.11967039
  0.00000000  0.00000000  0.00000000  0.00000000  0.00000000  1.00000000
  0.67524750  0.25193774  0.04802684  0.01336364  0.00466760  0.00675668
  0.07931353  0.69485966  0.19104526  0.02350662  0.00394220  0.00733273
  0.01244144  0.15079573  0.66814943  0.13584017  0.01671385  0.01605937
  0.00604724  0.02341086  0.19276786  0.62913788  0.10885078  0.03978538
  0.00255364  0.00581703  0.02858396  0.18022585  0.65606250  0.12675702
  0.00000000  0.00000000  0.00000000  0.00000000  0.00000000  1.00000000
  0.67205873  0.25224009  0.04919253  0.01400267  0.00493305  0.00757293
  0.07797370  0.69165595  0.19356559  0.02422304  0.00436275  0.00821897
  0.01238567  0.14910430  0.66534885  0.13828593  0.01720666  0.01766859
  0.00608681  0.02343256  0.19062475  0.62694424  0.11028068  0.04263096
  0.00237387  0.00589655  0.02886396  0.17735203  0.65131426  0.13419933
  0.00000000  0.00000000  0.00000000  0.00000000  0.00000000  1.00000000
  0.66875880  0.25249515  0.05037701  0.01466949  0.00521261  0.00848694
  0.07663766  0.68829787  0.19607098  0.02495517  0.00482699  0.00921133
  0.01232704  0.14739463  0.66239275  0.14074019  0.01770952  0.01943587
  0.00612506  0.02344828  0.18845720  0.62459831  0.11170076  0.04567040
  0.00220557  0.00597392  0.02913100  0.17442999  0.64625197  0.14200755
  0.00000000  0.00000000  0.00000000  0.00000000  0.00000000  1.00000000
  0.66533950  0.25269897  0.05157949  0.01536493  0.00550689  0.00951022
  0.07530460  0.68477501  0.19855630  0.02570262  0.00533921  0.01032226
  0.01226538  0.14566523  0.65927181  0.14319935  0.01822216  0.02137608
  0.00616189  0.02345765  0.18626385  0.62209266  0.11310849  0.04891546
  0.00204805  0.00604891  0.02938397  0.17145957  0.64086824  0.15019126
  0.00000000  0.00000000  0.00000000  0.00000000  0.00000000  1.00000000
  0.66179187  0.25284725  0.05279905  0.01608979  0.00581650  0.01065554
  0.07397364  0.68107595  0.20101579  0.02646492  0.00590410  0.01156561
  0.01220050  0.14391454  0.65597603  0.14565938  0.01874422  0.02350533
  0.00619716  0.02346031  0.18404331  0.61941962  0.11450116  0.05237844
  0.00190066  0.00612124  0.02962174  0.16844079  0.63515624  0.15875933
  0.00000000  0.00000000  0.00000000  0.00000000  0.00000000  1.00000000
  0.65810615  0.25293527  0.05403455  0.01684483  0.00614206  0.01193714
  0.07264381  0.67718820  0.20344305  0.02724143  0.00652675  0.01295677
  0.01213221  0.14214089  0.65249473  0.14811583  0.01927528  0.02584106
  0.00623075  0.02345586  0.18179415  0.61657124  0.11587587  0.05607213
  0.00176280  0.00619065  0.02984315  0.16537386  0.62910982  0.16771972
  0.00000000  0.00000000  0.00000000  0.00000000  0.00000000  1.00000000
  0.65427174  0.25295790  0.05528467  0.01763074  0.00648416  0.01337079
  0.07131410  0.67309811  0.20583097  0.02803137  0.00721265  0.01451280
  0.01206029  0.14034251  0.64881653  0.15056372  0.01981480  0.02840216
  0.00626251  0.02344389  0.17951495  0.61353933  0.11722951  0.06000981
  0.00163390  0.00625685  0.03004704  0.16225924  0.62272360  0.17707938
  0.00000000  0.00000000  0.00000000  0.00000000  0.00000000  1.00000000
  0.65027710  0.25290952  0.05654782  0.01844814  0.00684339  0.01497402
  0.06998342  0.66879080  0.20817161  0.02883379  0.00796776  0.01625262
  0.01198454  0.13851753  0.64492927  0.15299756  0.02036216  0.03120894
  0.00629230  0.02342400  0.17720427  0.61031546  0.11855878  0.06420520
  0.00151341  0.00631956  0.03023225  0.15909761  0.61599308  0.18684409
  0.00000000  0.00000000  0.00000000  0.00000000  0.00000000  1.00000000
  0.64610969  0.25278402  0.05782220  0.01929755  0.00722033  0.01676622
  0.06865059  0.66425007  0.21045618  0.02964753  0.00879846  0.01819717
  0.01190470  0.13666398  0.64082009  0.15541127  0.02091665  0.03428332
  0.00631996  0.02339573  0.17486065  0.60689103  0.11986017  0.06867246
  0.00140085  0.00637849  0.03039760  0.15588992  0.60891478  0.19701836
  0.00000000  0.00000000  0.00000000  0.00000000  0.00000000  1.00000000
  0.64175592  0.25257472  0.05910567  0.02017937  0.00761549  0.01876883
  0.06731438  0.65945832  0.21267492  0.03047121  0.00971162  0.02036955
  0.01182053  0.13477981  0.63647532  0.15779815  0.02147740  0.03764878
  0.00634535  0.02335865  0.17248267  0.60325722  0.12112994  0.07342616
  0.00129572  0.00643336  0.03054195  0.15263742  0.60148635  0.20760519
  0.00000000  0.00000000  0.00000000  0.00000000  0.00000000  1.00000000
  0.63720107  0.25227437  0.06039579  0.02109385  0.00802938  0.02100554
  0.06597346  0.65439647  0.21481704  0.03130321  0.01071456  0.02279526
  0.01173177  0.13286286  0.63188058  0.16015088  0.02204343  0.04133048
  0.00636828  0.02331229  0.17006893  0.59940513  0.12236416  0.07848120
  0.00119760  0.00648388  0.03066417  0.14934163  0.59370669  0.21860604
  0.00000000  0.00000000  0.00000000  0.00000000  0.00000000  1.00000000
  0.63242923  0.25187508  0.06168976  0.02204109  0.00846243  0.02350240
  0.06462644  0.64904394  0.21687063  0.03214160  0.01181509  0.02550230
  0.01163814  0.13091089  0.62702070  0.16246139  0.02261363  0.04535524
  0.00638860  0.02325619  0.16761804  0.59532574  0.12355868  0.08385276
  0.00110605  0.00652975  0.03076314  0.14600440  0.58557605  0.23002060
  0.00000000  0.00000000  0.00000000  0.00000000  0.00000000  1.00000000
  0.62742327  0.25136832  0.06298435  0.02302097  0.00891500  0.02628810
  0.06327184  0.64337856  0.21882256  0.03298416  0.01302143  0.02852144
  0.01153935  0.12892160  0.62187984  0.16472091  0.02318670  0.04975160
  0.00640612  0.02318985  0.16512868  0.59101000  0.12470912  0.08955623
  0.00102069  0.00657071  0.03083783  0.14262791  0.57709616  0.24184670
  0.00000000  0.00000000  0.00000000  0.00000000  0.00000000  1.00000000
  0.62216475  0.25074481  0.06427593  0.02403312  0.00938736  0.02939404
  0.06190815  0.63737657  0.22065840  0.03382832  0.01434225  0.03188631
  0.01143510  0.12689262  0.61644145  0.16691988  0.02376120  0.05454975
  0.00642065  0.02311280  0.16259957  0.58644888  0.12581093  0.09560716
  0.00094114  0.00660647  0.03088722  0.13921467  0.56827031  0.25408019
  0.00000000  0.00000000  0.00000000  0.00000000  0.00000000  1.00000000
  0.61663392  0.24999458  0.06556035  0.02507690  0.00987968  0.03285456
  0.06053375  0.63101259  0.22236235  0.03467112  0.01578660  0.03563360
  0.01132507  0.12482153  0.61068841  0.16904794  0.02433551  0.05978153
  0.00643202  0.02302455  0.16002955  0.58163345  0.12685932  0.10202112
  0.00086705  0.00663678  0.03091037  0.13576754  0.55910347  0.26671479
  0.00000000  0.00000000  0.00000000  0.00000000  0.00000000  1.00000000
  0.61080971  0.24910690  0.06683296  0.02615135  0.01039200  0.03670708
  0.05914699  0.62425969  0.22391717  0.03550918  0.01736381  0.03980317
  0.01120895  0.12270592  0.60460310  0.17109390  0.02490779  0.06548034
  0.00644003  0.02292460  0.15741752  0.57655492  0.12784934  0.10881359
  0.00079809  0.00666139  0.03090643  0.13228970  0.54960234  0.27974205
  0.00000000  0.00000000  0.00000000  0.00000000  0.00000000  1.00000000
  0.60466972  0.24807025  0.06808853  0.02725512  0.01092418  0.04099219
  0.05774618  0.61708946  0.22530410  0.03633866  0.01908346  0.04443814
  0.01108640  0.12054335  0.59816749  0.17304575  0.02547603  0.07168097
  0.00644448  0.02281246  0.15476252  0.57120479  0.12877586  0.11599988
  0.00073395  0.00668005  0.03087462  0.12878471  0.53977544  0.29315123
  0.00000000  0.00000000  0.00000000  0.00000000  0.00000000  1.00000000
  0.59819030  0.24687236  0.06932119  0.02838645  0.01147592  0.04575379
  0.05632962  0.60947212  0.22650284  0.03715524  0.02095521  0.04958497
  0.01095709  0.11833144  0.59136334  0.17489062  0.02603800  0.07841951
  0.00644518  0.02268766  0.15206373  0.56557489  0.12963359  0.12359494
  0.00067435  0.00669256  0.03081426  0.12525643  0.52963313  0.30692926
  0.00000000  0.00000000  0.00000000  0.00000000  0.00000000  1.00000000
  0.59134658  0.24550019  0.07052444  0.02954306  0.01204669  0.05103904
  0.05489558  0.60137671  0.22749156  0.03795407  0.02298868  0.05529341
  0.01082069  0.11606789  0.58417238  0.17661480  0.02659122  0.08573301
  0.00644194  0.02254972  0.14932050  0.55965748  0.13041710  0.13161326
  0.00061899  0.00669873  0.03072481  0.12170907  0.51918767  0.32106072
  0.00000000  0.00000000  0.00000000  0.00000000  0.00000000  1.00000000
  0.58411265  0.24393998  0.07169107  0.03072216  0.01263572  0.05689842
  0.05344238  0.59277139  0.22824684  0.03872973  0.02519323  0.06161643
  0.01067688  0.11375051  0.57657651  0.17820381  0.02713303  0.09365926
  0.00643455  0.02239820  0.14653234  0.55344542  0.13112088  0.14006863
  0.00056763  0.00669838  0.03060582  0.11814715  0.50845318  0.33552784
  0.00000000  0.00000000  0.00000000  0.00000000  0.00000000  1.00000000
  0.57646172  0.24217733  0.07281316  0.03192033  0.01324193  0.06338554
  0.05196840  0.58362379  0.22874383  0.03947623  0.02757775  0.06860999
  0.01052532  0.11137727  0.56855811  0.17964241  0.02766052  0.10223637
  0.00642282  0.02223264  0.14369900  0.54693221  0.13173930  0.14897402
  0.00052001  0.00669137  0.03045699  0.11457547  0.49744567  0.35031049
  0.00000000  0.00000000  0.00000000  0.00000000  0.00000000  1.00000000
  0.56836638  0.24019725  0.07388201  0.03313348  0.01386394  0.07055693
  0.05047212  0.57390146  0.22895630  0.04018699  0.03015036  0.07633277
  0.01036572  0.10894639  0.56010033  0.18091468  0.02817056  0.11150231
  0.00640657  0.02205265  0.14082048  0.54011221  0.13226674  0.15834135
  0.00047590  0.00667759  0.03027814  0.11099910  0.48618297  0.36538629
  0.00000000  0.00000000  0.00000000  0.00000000  0.00000000  1.00000000
  0.55979897  0.23798434  0.07488819  0.03435679  0.01450000  0.07847172
  0.04895215  0.56357248  0.22885684  0.04085483  0.03291805  0.08484564
  0.01019779  0.10645637  0.55118747  0.18200415  0.02865980  0.12149441
  0.00638560  0.02185786  0.13789702  0.53298068  0.13269756  0.16818128
  0.00043509  0.00665696  0.03006927  0.10742333  0.47468467  0.38073069
  0.00000000  0.00000000  0.00000000  0.00000000  0.00000000  1.00000000
  0.55073194  0.23552293  0.07582150  0.03558463  0.01514794  0.08719106
  0.04740733  0.55260614  0.22841714  0.04147199  0.03588635  0.09421106
  0.01002128  0.10390608  0.54180539  0.18289391  0.02912469  0.13224865
  0.00635975  0.02164792  0.13492915  0.52553399  0.13302617  0.17850302
  0.00039735  0.00662943  0.02983051  0.10385367  0.46297200  0.39631705
  0.00000000  0.00000000  0.00000000  0.00000000  0.00000000  1.00000000
  0.54113843  0.23279730  0.07667105  0.03681055  0.01580517  0.09677750
  0.04583675  0.54097379  0.22760829  0.04203014  0.03905881  0.10449221
  0.00983597  0.10129481  0.53194193  0.18356680  0.02956149  0.14379900
  0.00632885  0.02142256  0.13191774  0.51776971  0.13324709  0.18931406
  0.00036251  0.00659498  0.02956214  0.10029577  0.45106775  0.41211685
  0.00000000  0.00000000  0.00000000  0.00000000  0.00000000  1.00000000
  0.53099287  0.22979200  0.07742526  0.03802720  0.01646861  0.10729405
  0.04423984  0.52864988  0.22640127  0.04252049  0.04243656  0.11575196
  0.00964170  0.09862236  0.52158746  0.18400559  0.02996631  0.15617658
  0.00629275  0.02118153  0.12886397  0.50968679  0.13335499  0.20061997
  0.00033036  0.00655365  0.02926463  0.09675540  0.43899611  0.42809985
  0.00000000  0.00000000  0.00000000  0.00000000  0.00000000  1.00000000
  0.52027178  0.22649213  0.07807197  0.03922633  0.01713469  0.11880309
  0.04261644  0.51561303  0.22476747  0.04293382  0.04601773  0.12805152
  0.00943833  0.09588915  0.51073533  0.18419326  0.03033516  0.16940876
  0.00625132  0.02092467  0.12576940  0.50128569  0.13334478  0.21242415
  0.00030074  0.00650549  0.02893857  0.09323840  0.42678248  0.44423432
  0.00000000  0.00000000  0.00000000  0.00000000  0.00000000  1.00000000
  0.50895455  0.22288379  0.07859860  0.04039878  0.01779928  0.13136501
  0.04096686  0.50184731  0.22267939  0.04326061  0.04979688  0.14144895
  0.00922584  0.09309625  0.49938248  0.18411328  0.03066393  0.18351822
  0.00620443  0.02065186  0.12263598  0.49256849  0.13321163  0.22472761
  0.00027347  0.00645059  0.02858475  0.08975064  0.41445330  0.46048726
  0.00000000  0.00000000  0.00000000  0.00000000  0.00000000  1.00000000
  0.49702446  0.21895450  0.07899225  0.04153447  0.01845775  0.14503656
  0.03929200  0.48734360  0.22011141  0.04349124  0.05376442  0.15599732
  0.00900424  0.09024549  0.48752993  0.18374988  0.03094852  0.19852195
  0.00615200  0.02036308  0.11946602  0.48353906  0.13295108  0.23752876
  0.00024840  0.00638909  0.02820407  0.08629794  0.40203585  0.47682465
  0.00000000  0.00000000  0.00000000  0.00000000  0.00000000  1.00000000
  0.48446973  0.21469375  0.07923997  0.04262254  0.01910491  0.15986909
  0.03759340  0.47210106  0.21704067  0.04361612  0.05790605  0.17174269
  0.00877365  0.08733951  0.47518335  0.18308846  0.03118487  0.21443016
  0.00609394  0.02005837  0.11626228  0.47420312  0.13255910  0.25082319
  0.00022538  0.00632117  0.02779760  0.08288606  0.38955801  0.49321179
  0.00000000  0.00000000  0.00000000  0.00000000  0.00000000  1.00000000
  0.47128464  0.21009353  0.07932898  0.04365136  0.01973510  0.17590640
  0.03587333  0.45612854  0.21344809  0.04362594  0.06220216  0.18872195
  0.00853427  0.08438185  0.46235357  0.18211593  0.03136903  0.23124535
  0.00603021  0.01973787  0.11302790  0.46456841  0.13203212  0.26460349
  0.00020426  0.00624701  0.02736655  0.07952062  0.37704803  0.50961352
  0.00000000  0.00000000  0.00000000  0.00000000  0.00000000  1.00000000
  0.45747067  0.20514894  0.07924698  0.04460869  0.02034214  0.19318258
  0.03413484  0.43944603  0.20931937  0.04351195  0.06662742  0.20696039
  0.00828642  0.08137699  0.44905698  0.18082111  0.03149724  0.24896127
  0.00596079  0.01940180  0.10976647  0.45464470  0.13136718  0.27885907
  0.00018492  0.00616687  0.02691225  0.07620706  0.36453431  0.52599459
  0.00000000  0.00000000  0.00000000  0.00000000  0.00000000  1.00000000
  0.44303766  0.19985882  0.07898253  0.04548190  0.02091952  0.21171957
  0.03238180  0.42208593  0.20464617  0.04326626  0.07115043  0.22646941
  0.00803051  0.07833035  0.43531596  0.17919515  0.03156601  0.26756203
  0.00588569  0.01905049  0.10648197  0.44444388  0.13056190  0.29357607
  0.00016722  0.00608101  0.02643615  0.07295060  0.35204514  0.54231989
  0.00000000  0.00000000  0.00000000  0.00000000  0.00000000  1.00000000
  0.42800490  0.19422631  0.07852538  0.04625817  0.02146037  0.23152487
  0.03061896  0.40409414  0.19942709  0.04288215  0.07573357  0.24724409
  0.00776708  0.07524834  0.42115907  0.17723185  0.03157224  0.28702142
  0.00580496  0.01868436  0.10317879  0.43398000  0.12961464  0.30873726
  0.00015105  0.00598972  0.02593979  0.06975618  0.33960845  0.55855481
  0.00000000  0.00000000  0.00000000  0.00000000  0.00000000  1.00000000
  0.41240199  0.18825941  0.07786692  0.04692478  0.02195770  0.25258920
  0.02885192  0.38553078  0.19366874  0.04235440  0.08033304  0.26926112
  0.00749678  0.07213834  0.40662122  0.17492812  0.03151327  0.30730227
  0.00571867  0.01830393  0.09986171  0.42326925  0.12852449  0.32432194
  0.00013630  0.00589332  0.02542482  0.06662845  0.32725160  0.57466551
  0.00000000  0.00000000  0.00000000  0.00000000  0.00000000  1.00000000
  0.39626960  0.18197149  0.07700057  0.04746942  0.02240445  0.27488447
  0.02708711  0.36647055  0.18738655  0.04167965  0.08489917  0.29247698
  0.00722038  0.06900862  0.39174362  0.17228422  0.03138697  0.32835619
  0.00562694  0.01790985  0.09653588  0.41232995  0.12729134  0.34030604
  0.00012285  0.00579217  0.02489296  0.06357169  0.31500116  0.59061918
  0.00000000  0.00000000  0.00000000  0.00000000  0.00000000  1.00000000
  0.37965984  0.17538154  0.07592219  0.04788060  0.02279375  0.29836208
  0.02533168  0.34700249  0.18060542  0.04085667  0.08937708  0.31682666
  0.00693875  0.06586831  0.37657354  0.16930405  0.03119187  0.35012348
  0.00552992  0.01750283  0.09320676  0.40118248  0.12591595  0.35666207
  0.00011061  0.00568662  0.02434597  0.06058983  0.30288266  0.60638432
  0.00000000  0.00000000  0.00000000  0.00000000  0.00000000  1.00000000
  0.36263627  0.16851443  0.07463048  0.04814797  0.02311904  0.32295182
  0.02359344  0.32722920  0.17336008  0.03988669  0.09370761  0.34222299
  0.00665287  0.06272728  0.36116396  0.16599535  0.03092717  0.37253339
  0.00542778  0.01708371  0.08988011  0.38984914  0.12439994  0.37335931
  0.00009948  0.00557705  0.02378565  0.05768638  0.29092046  0.62193097
  0.00000000  0.00000000  0.00000000  0.00000000  0.00000000  1.00000000
  0.34527351  0.16140083  0.07312724  0.04826271  0.02337434  0.34856136
  0.02188067  0.30726539  0.16569505  0.03877350  0.09782856  0.36855682
  0.00636381  0.05959599  0.34557290  0.16236976  0.03059282  0.39550472
  0.00532075  0.01665342  0.08656195  0.37835410  0.12274585  0.39036393
  0.00008938  0.00546385  0.02321385  0.05486444  0.27913754  0.63723093
  0.00000000  0.00000000  0.00000000  0.00000000  0.00000000  1.00000000
  0.32765636  0.15407697  0.07141763  0.04821796  0.02355441  0.37507667
  0.02020195  0.28723577  0.15766427  0.03752368  0.10167631  0.39569803
  0.00607273  0.05648535  0.32986269  0.15844285  0.03018959  0.41894678
  0.00520909  0.01621297  0.08325847  0.36672312  0.12095713  0.40763922
  0.00008022  0.00534743  0.02263241  0.05212668  0.26755534  0.65225792
  0.00000000  0.00000000  0.00000000  0.00000000  0.00000000  1.00000000
  0.30987836  0.14658415  0.06951027  0.04800906  0.02365497  0.40236318
  0.01856593  0.26727233  0.14933019  0.03614651  0.10518759  0.42349745
  0.00578083  0.05340655  0.31409902  0.15423396  0.02971904  0.44276059
  0.00509308  0.01576346  0.07997603  0.35498344  0.11903813  0.42514586
  0.00007193  0.00522818  0.02204316  0.04947531  0.25619368  0.66698775
  0.00000000  0.00000000  0.00000000  0.00000000  0.00000000  1.00000000
  0.29203999  0.13896798  0.06741724  0.04763389  0.02367287  0.43026802
  0.01698107  0.24751114  0.14076258  0.03465394  0.10830150  0.45178976
  0.00548937  0.05037082  0.29834981  0.14976597  0.02918355  0.46684047
  0.00497305  0.01530608  0.07672102  0.34316349  0.11699408  0.44284227
  0.00006443  0.00510651  0.02144791  0.04691213  0.24507063  0.68139840
  0.00000000  0.00000000  0.00000000  0.00000000  0.00000000  1.00000000
