  0.70147491  0.23856220  0.05344582  0.00578767  0.00072940  0.00000000
  0.20815017  0.60110378  0.17792959  0.01137179  0.00144467  0.00000000
  0.08748743  0.31947907  0.51669981  0.07077254  0.00556116  0.00000000
  0.03560963  0.13480356  0.35675240  0.41798453  0.05484988  0.00000000
  0.01037656  0.03983605  0.19683720  0.33550682  0.41744337  0.00000000
  0.00000000  0.00000000  0.00000000  0.00000000  0.00000000  1.00000000
  0.70174688  0.23791689  0.05368096  0.00589282  0.00076245  0.00000000
  0.20449608  0.60368795  0.17881137  0.01152872  0.00147588  0.00000000
  0.08532061  0.31607282  0.52096311  0.07194502  0.00569843  0.00000000
  0.03465876  0.13010374  0.35495893  0.42408515  0.05619342  0.00000000
  0.01011743  0.03881462  0.19063390  0.33431314  0.42612092  0.00000000
  0.00000000  0.00000000  0.00000000  0.00000000  0.00000000  1.00000000
  0.70201454  0.23727184  0.05391679  0.00599985  0.00079699  0.00000000
  0.20088958  0.60623323  0.17968269  0.01168686  0.00150764  0.00000000
  0.08319515  0.31265662  0.52518388  0.07312611  0.00583823  0.00000000
  0.03372248  0.12552758  0.35306143  0.43013708  0.05755144  0.00000000
  0.00986070  0.03780377  0.18454991  0.33298626  0.43479936  0.00000000
  0.00000000  0.00000000  0.00000000  0.00000000  0.00000000  1.00000000
  0.70227781  0.23662702  0.05415331  0.00610878  0.00083308  0.00000000
  0.19733061  0.60873967  0.18054356  0.01184620  0.00153996  0.00000000
  0.08111072  0.30923193  0.52936109  0.07431567  0.00598059  0.00000000
  0.03280115  0.12107417  0.35106327  0.43613773  0.05892369  0.00000000
  0.00960655  0.03680420  0.17858705  0.33152904  0.44347317  0.00000000
  0.00000000  0.00000000  0.00000000  0.00000000  0.00000000  1.00000000
  0.70253661  0.23598241  0.05439052  0.00621964  0.00087081  0.00000000
  0.19381911  0.61120733  0.18139397  0.01200674  0.00157285  0.00000000
  0.07906700  0.30580017  0.53349375  0.07551357  0.00612552  0.00000000
  0.03189507  0.11674245  0.34896793  0.44208465  0.06030990  0.00000000
  0.00935517  0.03581654  0.17274687  0.32994455  0.45213687  0.00000000
  0.00000000  0.00000000  0.00000000  0.00000000  0.00000000  1.00000000
  0.70279086  0.23533801  0.05462841  0.00633248  0.00091024  0.00000000
  0.19035498  0.61363629  0.18223392  0.01216850  0.00160631  0.00000000
  0.07706362  0.30236275  0.53758090  0.07671968  0.00627305  0.00000000
  0.03100452  0.11253126  0.34677891  0.44797548  0.06170983  0.00000000
  0.00910671  0.03484143  0.16703072  0.32823605  0.46078509  0.00000000
  0.00000000  0.00000000  0.00000000  0.00000000  0.00000000  1.00000000
  0.70304048  0.23469379  0.05486696  0.00644732  0.00095145  0.00000000
  0.18693813  0.61602663  0.18306342  0.01233146  0.00164036  0.00000000
  0.07510022  0.29892107  0.54162163  0.07793387  0.00642322  0.00000000
  0.03012976  0.10843928  0.34449975  0.45380799  0.06312322  0.00000000
  0.00886134  0.03387942  0.16143970  0.32640695  0.46941259  0.00000000
  0.00000000  0.00000000  0.00000000  0.00000000  0.00000000  1.00000000
  0.70328537  0.23404973  0.05510618  0.00656420  0.00099451  0.00000000
  0.18356841  0.61837847  0.18388247  0.01249565  0.00167500  0.00000000
  0.07317642  0.29547649  0.54561504  0.07915600  0.00657604  0.00000000
  0.02927099  0.10446510  0.34213404  0.45958004  0.06454983  0.00000000
  0.00861920  0.03293107  0.15597467  0.32446084  0.47801421  0.00000000
  0.00000000  0.00000000  0.00000000  0.00000000  0.00000000  1.00000000
  0.70352545  0.23340581  0.05534606  0.00668315  0.00103952  0.00000000
  0.18024568  0.62069193  0.18469110  0.01266105  0.00171024  0.00000000
  0.07129184  0.29203037  0.54956029  0.08038595  0.00673155  0.00000000
  0.02842839  0.10060718  0.33968538  0.46528964  0.06598941  0.00000000
  0.00838043  0.03199687  0.15063629  0.32240144  0.48658496  0.00000000
  0.00000000  0.00000000  0.00000000  0.00000000  0.00000000  1.00000000
  0.70376062  0.23276202  0.05558659  0.00680421  0.00108656  0.00000000
  0.17696977  0.62296715  0.18548931  0.01282768  0.00174609  0.00000000
  0.06944607  0.28858402  0.55345656  0.08162358  0.00688978  0.00000000
  0.02760213  0.09686391  0.33715738  0.47093487  0.06744172  0.00000000
  0.00814516  0.03107728  0.14542498  0.32023261  0.49511996  0.00000000
  0.00000000  0.00000000  0.00000000  0.00000000  0.00000000  1.00000000
  0.70399078  0.23211832  0.05582776  0.00692741  0.00113572  0.00000000
  0.17374050  0.62520427  0.18627714  0.01299554  0.00178255  0.00000000
  0.06763869  0.28513875  0.55730307  0.08286875  0.00705074  0.00000000
  0.02679230  0.09323358  0.33455366  0.47651395  0.06890652  0.00000000
  0.00791351  0.03017273  0.14034097  0.31795829  0.50361450  0.00000000
  0.00000000  0.00000000  0.00000000  0.00000000  0.00000000  1.00000000
  0.70421585  0.23147470  0.05606957  0.00705279  0.00118709  0.00000000
  0.17055766  0.62740345  0.18705462  0.01316462  0.00181965  0.00000000
  0.06586929  0.28169583  0.56109907  0.08412135  0.00721447  0.00000000
  0.02599901  0.08971437  0.33187784  0.48202519  0.07038358  0.00000000
  0.00768558  0.02928360  0.13538426  0.31558256  0.51206401  0.00000000
  0.00000000  0.00000000  0.00000000  0.00000000  0.00000000  1.00000000
  0.70443570  0.23083114  0.05631200  0.00718039  0.00124078  0.00000000
  0.16742102  0.62956488  0.18782176  0.01333495  0.00185738  0.00000000
  0.06413741  0.27825652  0.56484385  0.08538122  0.00738099  0.00000000
  0.02522232  0.08630443  0.32913352  0.48746704  0.07187267  0.00000000
  0.00746147  0.02841023  0.13055465  0.31310956  0.52046409  0.00000000
  0.00000000  0.00000000  0.00000000  0.00000000  0.00000000  1.00000000
  0.70465023  0.23018761  0.05655504  0.00731024  0.00129688  0.00000000
  0.16433036  0.63168874  0.18857862  0.01350651  0.00189576  0.00000000
  0.06244264  0.27482204  0.56853674  0.08664825  0.00755034  0.00000000
  0.02446227  0.08300182  0.32632430  0.49283803  0.07337358  0.00000000
  0.00724128  0.02755293  0.12585177  0.31054351  0.52881052  0.00000000
  0.00000000  0.00000000  0.00000000  0.00000000  0.00000000  1.00000000
  0.70485934  0.22954408  0.05679870  0.00744237  0.00135552  0.00000000
  0.16128542  0.63377523  0.18932522  0.01367933  0.00193480  0.00000000
  0.06078449  0.27139357  0.57217710  0.08792229  0.00772254  0.00000000
  0.02371886  0.07980454  0.32345374  0.49813679  0.07488607  0.00000000
  0.00702508  0.02671198  0.12127504  0.30788867  0.53709923  0.00000000
  0.00000000  0.00000000  0.00000000  0.00000000  0.00000000  1.00000000
  0.70506290  0.22890053  0.05704295  0.00757684  0.00141679  0.00000000
  0.15828594  0.63582455  0.19006161  0.01385339  0.00197451  0.00000000
  0.05916253  0.26797230  0.57576432  0.08920323  0.00789762  0.00000000
  0.02299209  0.07671054  0.32052536  0.50336208  0.07640993  0.00000000
  0.00681294  0.02588760  0.11682373  0.30514938  0.54532636  0.00000000
  0.00000000  0.00000000  0.00000000  0.00000000  0.00000000  1.00000000
  0.70526080  0.22825693  0.05728778  0.00771367  0.00148082  0.00000000
  0.15533163  0.63783694  0.19078783  0.01402871  0.00201489  0.00000000
  0.05757627  0.26455937  0.57929784  0.09049092  0.00807560  0.00000000
  0.02228192  0.07371772  0.31754266  0.50851273  0.07794497  0.00000000
  0.00660493  0.02507999  0.11249691  0.30232996  0.55348821  0.00000000
  0.00000000  0.00000000  0.00000000  0.00000000  0.00000000  1.00000000
  0.70545291  0.22761326  0.05753319  0.00785291  0.00154773  0.00000000
  0.15242220  0.63981262  0.19150393  0.01420529  0.00205596  0.00000000
  0.05602524  0.26115587  0.58277712  0.09178525  0.00825652  0.00000000
  0.02158828  0.07082397  0.31450909  0.51358770  0.07949097  0.00000000
  0.00640109  0.02428932  0.10829353  0.29943478  0.56158128  0.00000000
  0.00000000  0.00000000  0.00000000  0.00000000  0.00000000  1.00000000
  0.70563911  0.22696948  0.05777916  0.00799460  0.00161765  0.00000000
  0.14955733  0.64175183  0.19220996  0.01438314  0.00209773  0.00000000
  0.05450897  0.25776290  0.58620166  0.09308607  0.00844040  0.00000000
  0.02091110  0.06802710  0.31142805  0.51858600  0.08104773  0.00000000
  0.00620146  0.02351572  0.10421236  0.29646821  0.56960224  0.00000000
  0.00000000  0.00000000  0.00000000  0.00000000  0.00000000  1.00000000
  0.70581927  0.22632557  0.05802568  0.00813877  0.00169071  0.00000000
  0.14673672  0.64365483  0.19290598  0.01456226  0.00214021  0.00000000
  0.05302695  0.25438151  0.58957098  0.09439328  0.00862728  0.00000000
  0.02025029  0.06532495  0.30830290  0.52350679  0.08261508  0.00000000
  0.00600609  0.02275927  0.10025205  0.29343460  0.57754798  0.00000000
  0.00000000  0.00000000  0.00000000  0.00000000  0.00000000  1.00000000
  0.70599324  0.22568149  0.05827274  0.00828547  0.00176706  0.00000000
  0.14396002  0.64552186  0.19359205  0.01474267  0.00218340  0.00000000
  0.05157870  0.25101272  0.59288467  0.09570673  0.00881718  0.00000000
  0.01960572  0.06271529  0.30513691  0.52834927  0.08419282  0.00000000
  0.00581500  0.02202005  0.09641112  0.29033829  0.58541554  0.00000000
  0.00000000  0.00000000  0.00000000  0.00000000  0.00000000  1.00000000
  0.70616088  0.22503722  0.05852033  0.00843474  0.00184684  0.00000000
  0.14122690  0.64735319  0.19426821  0.01492436  0.00222733  0.00000000
  0.05016373  0.24765753  0.59614232  0.09702630  0.00901013  0.00000000
  0.01897725  0.06019590  0.30193333  0.53311275  0.08578077  0.00000000
  0.00562820  0.02129809  0.09268795  0.28718359  0.59320217  0.00000000
  0.00000000  0.00000000  0.00000000  0.00000000  0.00000000  1.00000000
  0.70632205  0.22439272  0.05876842  0.00858661  0.00193020  0.00000000
  0.13853700  0.64914911  0.19493454  0.01510735  0.00227200  0.00000000
  0.04878152  0.24431689  0.59934356  0.09835188  0.00920616  0.00000000
  0.01836475  0.05776456  0.29869531  0.53779662  0.08737875  0.00000000
  0.00544571  0.02059338  0.08908083  0.28397476  0.60090531  0.00000000
  0.00000000  0.00000000  0.00000000  0.00000000  0.00000000  1.00000000
  0.70647659  0.22374795  0.05901701  0.00874114  0.00201731  0.00000000
  0.13588996  0.65090988  0.19559111  0.01529163  0.00231742  0.00000000
  0.04743158  0.24099174  0.60248805  0.09968333  0.00940530  0.00000000
  0.01776805  0.05541903  0.29542595  0.54240036  0.08898661  0.00000000
  0.00526753  0.01990592  0.08558794  0.28071603  0.60852259  0.00000000
  0.00000000  0.00000000  0.00000000  0.00000000  0.00000000  1.00000000
  0.70662435  0.22310288  0.05926608  0.00889836  0.00210833  0.00000000
  0.13328540  0.65263580  0.19623796  0.01547723  0.00236360  0.00000000
  0.04611339  0.23768298  0.60557550  0.10102054  0.00960758  0.00000000
  0.01718696  0.05315708  0.29212828  0.54692350  0.09060417  0.00000000
  0.00509365  0.01923563  0.08220737  0.27741156  0.61605179  0.00000000
  0.00000000  0.00000000  0.00000000  0.00000000  0.00000000  1.00000000
  0.70676515  0.22245748  0.05951561  0.00905833  0.00220343  0.00000000
  0.13072295  0.65432717  0.19687518  0.01566414  0.00241056  0.00000000
  0.04482645  0.23439149  0.60860564  0.10236339  0.00981304  0.00000000
  0.01662130  0.05097648  0.28880526  0.55136568  0.09223129  0.00000000
  0.00492406  0.01858246  0.07893713  0.27406544  0.62349092  0.00000000
  0.00000000  0.00000000  0.00000000  0.00000000  0.00000000  1.00000000
  0.70689884  0.22181170  0.05976559  0.00922107  0.00230280  0.00000000
  0.12820220  0.65598427  0.19750284  0.01585238  0.00245831  0.00000000
  0.04357025  0.23111809  0.61157821  0.10371175  0.01002169  0.00000000
  0.01607086  0.04887501  0.28545975  0.55572658  0.09386780  0.00000000
  0.00475874  0.01794629  0.07577515  0.27068170  0.63083812  0.00000000
  0.00000000  0.00000000  0.00000000  0.00000000  0.00000000  1.00000000
  0.70702523  0.22116550  0.06001599  0.00938664  0.00240663  0.00000000
  0.12572277  0.65760742  0.19812100  0.01604194  0.00250686  0.00000000
  0.04234427  0.22786360  0.61449303  0.10506552  0.01023358  0.00000000
  0.01553543  0.04685046  0.28209457  0.56000598  0.09551356  0.00000000
  0.00459768  0.01732701  0.07271929  0.26726427  0.63809174  0.00000000
  0.00000000  0.00000000  0.00000000  0.00000000  0.00000000  1.00000000
  0.70714415  0.22051885  0.06026681  0.00955508  0.00251511  0.00000000
  0.12328425  0.65919693  0.19872974  0.01623285  0.00255623  0.00000000
  0.04114800  0.22462880  0.61734989  0.10642457  0.01044874  0.00000000
  0.01501479  0.04490066  0.27871243  0.56420369  0.09716844  0.00000000
  0.00444085  0.01672448  0.06976738  0.26381701  0.64525029  0.00000000
  0.00000000  0.00000000  0.00000000  0.00000000  0.00000000  1.00000000
  0.70725539  0.21987170  0.06051802  0.00972644  0.00262845  0.00000000
  0.12088623  0.66075311  0.19932915  0.01642510  0.00260642  0.00000000
  0.03998092  0.22141444  0.62014865  0.10778880  0.01066719  0.00000000
  0.01450871  0.04302342  0.27531597  0.56831961  0.09883229  0.00000000
  0.00428820  0.01613852  0.06691716  0.26034369  0.65231243  0.00000000
  0.00000000  0.00000000  0.00000000  0.00000000  0.00000000  1.00000000
  0.72050463  0.24159478  0.03056196  0.00564868  0.00168994  0.00000000
  0.10482901  0.73446629  0.14676806  0.01331822  0.00061842  0.00000000
  0.01310732  0.17951221  0.70021945  0.09573204  0.00962593  0.00180305
  0.00492264  0.02107624  0.21579904  0.61329447  0.07878222  0.06612539
  0.00788448  0.00378051  0.01990189  0.19973315  0.62044746  0.14825251
  0.00000000  0.00000000  0.00000000  0.00000000  0.00000000  1.00000000
  0.71854249  0.24237056  0.03136663  0.00593068  0.00178964  0.00000000
  0.10334224  0.73309532  0.14911419  0.01376196  0.00068629  0.00000000
  0.01308560  0.17800234  0.69926305  0.09773221  0.00993787  0.00197893
  0.00496782  0.02115101  0.21395859  0.61275618  0.08002610  0.06714029
  0.00739283  0.00386532  0.02027065  0.19824809  0.62128400  0.14893910
  0.00000000  0.00000000  0.00000000  0.00000000  0.00000000  1.00000000
  0.71655060  0.24313692  0.03219090  0.00622645  0.00189512  0.00000000
  0.10186806  0.73166591  0.15148520  0.01421930  0.00076153  0.00000000
  0.01306282  0.17649048  0.69824984  0.09976586  0.01025906  0.00217193
  0.00501314  0.02122489  0.21212225  0.61218491  0.08128518  0.06816962
  0.00693140  0.00395179  0.02064493  0.19676153  0.62208203  0.14962832
  0.00000000  0.00000000  0.00000000  0.00000000  0.00000000  1.00000000
  0.71452809  0.24389337  0.03303517  0.00653665  0.00200672  0.00000000
  0.10040639  0.73017724  0.15388084  0.01469059  0.00084495  0.00000000
  0.01303896  0.17497641  0.69717813  0.10183307  0.01058973  0.00238370
  0.00505859  0.02129784  0.21029006  0.61158041  0.08255952  0.06921357
  0.00649837  0.00403994  0.02102482  0.19527407  0.62284264  0.15032016
  0.00000000  0.00000000  0.00000000  0.00000000  0.00000000  1.00000000
  0.71247408  0.24463939  0.03389981  0.00686193  0.00212478  0.00000000
  0.09895711  0.72862847  0.15630082  0.01517618  0.00093743  0.00000000
  0.01301399  0.17345990  0.69604611  0.10393386  0.01093007  0.00261607
  0.00510417  0.02136986  0.20846207  0.61094244  0.08384915  0.07027230
  0.00609202  0.00412981  0.02141042  0.19378626  0.62356685  0.15101463
  0.00000000  0.00000000  0.00000000  0.00000000  0.00000000  1.00000000
  0.71038765  0.24537446  0.03478520  0.00720302  0.00224967  0.00000000
  0.09752012  0.72701869  0.15874482  0.01567644  0.00103994  0.00000000
  0.01298787  0.17194067  0.69485189  0.10606821  0.01128032  0.00287103
  0.00514988  0.02144091  0.20663833  0.61027076  0.08515414  0.07134599
  0.00571075  0.00422144  0.02180183  0.19229861  0.62425564  0.15171173
  0.00000000  0.00000000  0.00000000  0.00000000  0.00000000  1.00000000
  0.70826785  0.24609803  0.03569172  0.00756064  0.00238176  0.00000000
  0.09609532  0.72534694  0.16121247  0.01619172  0.00115355  0.00000000
  0.01296056  0.17041848  0.69359346  0.10823606  0.01164068  0.00315076
  0.00519569  0.02151097  0.20481889  0.60956513  0.08647451  0.07243480
  0.00535305  0.00431485  0.02219913  0.19081160  0.62490989  0.15241148
  0.00000000  0.00000000  0.00000000  0.00000000  0.00000000  1.00000000
  0.70611371  0.24680951  0.03661977  0.00793555  0.00252146  0.00000000
  0.09468260  0.72361219  0.16370335  0.01672240  0.00127946  0.00000000
  0.01293203  0.16889302  0.69226869  0.11043726  0.01201136  0.00345764
  0.00524161  0.02158003  0.20300381  0.60882533  0.08781031  0.07353891
  0.00501747  0.00441009  0.02260244  0.18932568  0.62553045  0.15311387
  0.00000000  0.00000000  0.00000000  0.00000000  0.00000000  1.00000000
  0.70392422  0.24750831  0.03756970  0.00832857  0.00266920  0.00000000
  0.09328182  0.72181336  0.16621701  0.01726884  0.00141897  0.00000000
  0.01290223  0.16736397  0.69087529  0.11267163  0.01239257  0.00379431
  0.00528763  0.02164804  0.20119313  0.60805112  0.08916157  0.07465850
  0.00470267  0.00450719  0.02301184  0.18784128  0.62611810  0.15381891
  0.00000000  0.00000000  0.00000000  0.00000000  0.00000000  1.00000000
  0.70169835  0.24819382  0.03854191  0.00874051  0.00282542  0.00000000
  0.09189287  0.71994925  0.16875293  0.01783141  0.00157355  0.00000000
  0.01287112  0.16583101  0.68941086  0.11493889  0.01278450  0.00416361
  0.00533375  0.02171500  0.19938691  0.60724230  0.09052832  0.07579373
  0.00440740  0.00460619  0.02342743  0.18635879  0.62667359  0.15452660
  0.00000000  0.00000000  0.00000000  0.00000000  0.00000000  1.00000000
  0.69943501  0.24886540  0.03953676  0.00917224  0.00299060  0.00000000
  0.09051560  0.71801863  0.17131051  0.01841047  0.00174479  0.00000000
  0.01283866  0.16429377  0.68787281  0.11723870  0.01318736  0.00456870
  0.00537994  0.02178088  0.19758520  0.60639862  0.09191057  0.07694480
  0.00413046  0.00470712  0.02384931  0.18487857  0.62719758  0.15523695
  0.00000000  0.00000000  0.00000000  0.00000000  0.00000000  1.00000000
  0.69713313  0.24952238  0.04055462  0.00962466  0.00316522  0.00000000
  0.08914988  0.71602014  0.17388911  0.01900640  0.00193447  0.00000000
  0.01280479  0.16275185  0.68625840  0.11957063  0.01360134  0.00501300
  0.00542621  0.02184565  0.19578805  0.60551989  0.09330834  0.07811186
  0.00387072  0.00481003  0.02427758  0.18340097  0.62769073  0.15594997
  0.00000000  0.00000000  0.00000000  0.00000000  0.00000000  1.00000000
  0.69479155  0.25016408  0.04159585  0.01009871  0.00334981  0.00000000
  0.08779556  0.71395232  0.17648801  0.01961956  0.00214454  0.00000000
  0.01276946  0.16120484  0.68456470  0.12193413  0.01402661  0.00550027
  0.00547255  0.02190928  0.19399553  0.60460589  0.09472164  0.07929511
  0.00362714  0.00491494  0.02471233  0.18192630  0.62815363  0.15666565
  0.00000000  0.00000000  0.00000000  0.00000000  0.00000000  1.00000000
  0.69240912  0.25078978  0.04266082  0.01059537  0.00354491  0.00000000
  0.08645247  0.71181361  0.17910642  0.02025032  0.00237718  0.00000000
  0.01273261  0.15965228  0.68278857  0.12432859  0.01446334  0.00603461
  0.00551895  0.02197176  0.19220768  0.60365641  0.09615048  0.08049472
  0.00339873  0.00502191  0.02515367  0.18045487  0.62858682  0.15738401
  0.00000000  0.00000000  0.00000000  0.00000000  0.00000000  1.00000000
  0.68998463  0.25139875  0.04374987  0.01111564  0.00375111  0.00000000
  0.08512046  0.70960231  0.18174344  0.02089903  0.00263475  0.00000000
  0.01269418  0.15809369  0.68092668  0.12675325  0.01491169  0.00662052
  0.00556539  0.02203306  0.19042456  0.60267126  0.09759486  0.08171086
  0.00318455  0.00513095  0.02560169  0.17898694  0.62899083  0.15810504
  0.00000000  0.00000000  0.00000000  0.00000000  0.00000000  1.00000000
  0.68751686  0.25199022  0.04486334  0.01166058  0.00396900  0.00000000
  0.08379934  0.70731661  0.18439810  0.02156604  0.00291990  0.00000000
  0.01265411  0.15652855  0.67897543  0.12920722  0.01537180  0.00726290
  0.00561188  0.02209316  0.18864624  0.60165023  0.09905476  0.08294372
  0.00298373  0.00524213  0.02605649  0.17752278  0.62936612  0.15882875
  0.00000000  0.00000000  0.00000000  0.00000000  0.00000000  1.00000000
  0.68500453  0.25256340  0.04600157  0.01223128  0.00419922  0.00000000
  0.08248893  0.70495453  0.18706932  0.02225170  0.00323552  0.00000000
  0.01261232  0.15495630  0.67693100  0.13168948  0.01584379  0.00796711
  0.00565840  0.02215202  0.18687277  0.60059315  0.10053018  0.08419348
  0.00279545  0.00535547  0.02651816  0.17606263  0.62971313  0.15955515
  0.00000000  0.00000000  0.00000000  0.00000000  0.00000000  1.00000000
  0.68244634  0.25311747  0.04716487  0.01282888  0.00444244  0.00000000
  0.08118903  0.70251394  0.18975589  0.02295633  0.00358482  0.00000000
  0.01256875  0.15337632  0.67478930  0.13419886  0.01632777  0.00873900
  0.00570495  0.02220963  0.18510420  0.59949982  0.10202109  0.08546031
  0.00261893  0.00547102  0.02698682  0.17460672  0.63003227  0.16028423
  0.00000000  0.00000000  0.00000000  0.00000000  0.00000000  1.00000000
  0.67984096  0.25365159  0.04835355  0.01345455  0.00469935  0.00000000
  0.07989941  0.69999251  0.19245649  0.02368026  0.00397132  0.00000000
  0.01252330  0.15178798  0.67254592  0.13673401  0.01682383  0.00958495
  0.00575150  0.02226596  0.18334060  0.59837007  0.10352746  0.08674440
  0.00245345  0.00558882  0.02746255  0.17315524  0.63032392  0.16101601
  0.00000000  0.00000000  0.00000000  0.00000000  0.00000000  1.00000000
  0.67718702  0.25416487  0.04956790  0.01410952  0.00497069  0.00000000
  0.07861987  0.69738776  0.19516968  0.02442378  0.00439891  0.00000000
  0.01247590  0.15019058  0.67019618  0.13929340  0.01733201  0.01051192
  0.00579807  0.02232099  0.18158203  0.59720373  0.10504926  0.08804593
  0.00229833  0.00570891  0.02794546  0.17170840  0.63058840  0.16175049
  0.00000000  0.00000000  0.00000000  0.00000000  0.00000000  1.00000000
  0.67448310  0.25465641  0.05080821  0.01479505  0.00525722  0.00000000
  0.07735016  0.69469696  0.19789385  0.02518717  0.00487186  0.00000000
  0.01242646  0.14858338  0.66773503  0.14187528  0.01785235  0.01152750
  0.00584462  0.02237468  0.17982855  0.59600062  0.10658646  0.08936507
  0.00215292  0.00583133  0.02843565  0.17026638  0.63082605  0.16248767
  0.00000000  0.00000000  0.00000000  0.00000000  0.00000000  1.00000000
  0.67172778  0.25512527  0.05207474  0.01551245  0.00555976  0.00000000
  0.07609002  0.69191716  0.20062722  0.02597070  0.00539490  0.00000000
  0.01237487  0.14696558  0.66515710  0.14447768  0.01838483  0.01263994
  0.00589116  0.02242702  0.17808022  0.59476059  0.10813899  0.09070201
  0.00201663  0.00595612  0.02893321  0.16882933  0.63103715  0.16322755
  0.00000000  0.00000000  0.00000000  0.00000000  0.00000000  1.00000000
  0.66891957  0.25557049  0.05336771  0.01626308  0.00587915  0.00000000
  0.07483920  0.68904518  0.20336786  0.02677458  0.00597318  0.00000000
  0.01232103  0.14533632  0.66245662  0.14709840  0.01892940  0.01385823
  0.00593767  0.02247799  0.17633711  0.59348349  0.10970681  0.09205693
  0.00188889  0.00608333  0.02943825  0.16739743  0.63122196  0.16397015
  0.00000000  0.00000000  0.00000000  0.00000000  0.00000000  1.00000000
  0.66605696  0.25599107  0.05468736  0.01704834  0.00621626  0.00000000
  0.07359740  0.68607754  0.20611362  0.02759902  0.00661242  0.00000000
  0.01226483  0.14369469  0.65962742  0.14973495  0.01948598  0.01519213
  0.00598415  0.02252754  0.17459928  0.59216917  0.11128984  0.09343001
  0.00176916  0.00621299  0.02995087  0.16597081  0.63138071  0.16471545
  0.00000000  0.00000000  0.00000000  0.00000000  0.00000000  1.00000000
  0.66313843  0.25638598  0.05603388  0.01786967  0.00657203  0.00000000
  0.07236431  0.68301050  0.20886214  0.02844417  0.00731887  0.00000000
  0.01220614  0.14203972  0.65666290  0.15238454  0.02005442  0.01665227
  0.00603058  0.02257567  0.17286679  0.59081749  0.11288803  0.09482143
  0.00165696  0.00634517  0.03047117  0.16454960  0.63151363  0.16546348
  0.00000000  0.00000000  0.00000000  0.00000000  0.00000000  1.00000000
  0.66016238  0.25675416  0.05740744  0.01872858  0.00694742  0.00000000
  0.07113962  0.67983999  0.21161084  0.02931016  0.00809939  0.00000000
  0.01214484  0.14037037  0.65355602  0.15504409  0.02063453  0.01825013
  0.00607695  0.02262235  0.17113971  0.58942832  0.11450128  0.09623138
  0.00155181  0.00647989  0.03099924  0.16313393  0.63162091  0.16621422
  0.00000000  0.00000000  0.00000000  0.00000000  0.00000000  1.00000000
  0.65712723  0.25709452  0.05880819  0.01962661  0.00734345  0.00000000
  0.06992299  0.67656158  0.21435686  0.03019703  0.00896154  0.00000000
  0.01208080  0.13868555  0.65029925  0.15771015  0.02122605  0.01999820
  0.00612325  0.02266754  0.16941811  0.58800154  0.11612952  0.09766003
  0.00145327  0.00661720  0.03153520  0.16172392  0.63170272  0.16696769
  0.00000000  0.00000000  0.00000000  0.00000000  0.00000000  1.00000000
  0.65403132  0.25740593  0.06023624  0.02056536  0.00776116  0.00000000
  0.06871405  0.67317050  0.21709709  0.03110480  0.00991355  0.00000000
  0.01201385  0.13698407  0.64688458  0.16037887  0.02182865  0.02190997
  0.00616948  0.02271123  0.16770206  0.58653704  0.11777264  0.09910756
  0.00136094  0.00675715  0.03207913  0.16031967  0.63175922  0.16772389
  0.00000000  0.00000000  0.00000000  0.00000000  0.00000000  1.00000000
  0.65087300  0.25768723  0.06169166  0.02154645  0.00820166  0.00000000
  0.06751242  0.66966158  0.21982808  0.03203342  0.01096450  0.00000000
  0.01194386  0.13526470  0.64330347  0.16304602  0.02244193  0.02400003
  0.00621561  0.02275339  0.16599161  0.58503469  0.11943054  0.10057416
  0.00127442  0.00689979  0.03263115  0.15892128  0.63179054  0.16848282
  0.00000000  0.00000000  0.00000000  0.00000000  0.00000000  1.00000000
  0.64765058  0.25793723  0.06317451  0.02257158  0.00866610  0.00000000
  0.06631769  0.66602922  0.22254607  0.03298273  0.01212428  0.00000000
  0.01187064  0.13352612  0.63954683  0.16570692  0.02306539  0.02628410
  0.00626163  0.02279400  0.16428685  0.58349442  0.12110311  0.10205999
  0.00119335  0.00704516  0.03319134  0.15752884  0.63179682  0.16924449
  0.00000000  0.00000000  0.00000000  0.00000000  0.00000000  1.00000000
  0.64436233  0.25815471  0.06468479  0.02364248  0.00915568  0.00000000
  0.06512943  0.66226738  0.22524693  0.03395254  0.01340372  0.00000000
  0.01179403  0.13176696  0.63560504  0.16835638  0.02369844  0.02877914
  0.00630755  0.02283303  0.16258784  0.58191611  0.12279022  0.10356526
  0.00111740  0.00719331  0.03375983  0.15614243  0.63177814  0.17000889
  0.00000000  0.00000000  0.00000000  0.00000000  0.00000000  1.00000000
  0.64100652  0.25833842  0.06622247  0.02476094  0.00967165  0.00000000
  0.06394719  0.65836954  0.22792612  0.03494251  0.01481464  0.00000000
  0.01171384  0.12998576  0.63146789  0.17098874  0.02434041  0.03150336
  0.00635333  0.02287045  0.16089465  0.58029970  0.12449174  0.10509012
  0.00104624  0.00734428  0.03433670  0.15476214  0.63173460  0.17077604
  0.00000000  0.00000000  0.00000000  0.00000000  0.00000000  1.00000000
  0.63758138  0.25848706  0.06778748  0.02592878  0.01021530  0.00000000
  0.06277049  0.65432867  0.23057870  0.03595222  0.01636992  0.00000000
  0.01162988  0.12818100  0.62712461  0.17359773  0.02499048  0.03447630
  0.00639897  0.02290625  0.15920735  0.57864512  0.12620754  0.10663477
  0.00097957  0.00749813  0.03492205  0.15338803  0.63166628  0.17154593
  0.00000000  0.00000000  0.00000000  0.00000000  0.00000000  1.00000000
  0.63408512  0.25859933  0.06937969  0.02714787  0.01078800  0.00000000
  0.06159882  0.65013721  0.23319923  0.03698114  0.01808359  0.00000000
  0.01154193  0.12635110  0.62256385  0.17617654  0.02564772  0.03771886
  0.00644447  0.02294040  0.15752602  0.57695229  0.12793746  0.10819938
  0.00091712  0.00765491  0.03551599  0.15202016  0.63157324  0.17231858
  0.00000000  0.00000000  0.00000000  0.00000000  0.00000000  1.00000000
  0.63051596  0.25867386  0.07099893  0.02842013  0.01139113  0.00000000
  0.06043165  0.64578704  0.23578180  0.03802858  0.01997093  0.00000000
  0.01144978  0.12449441  0.61777369  0.17871769  0.02631106  0.04125337
  0.00648979  0.02297287  0.15585072  0.57522116  0.12968134  0.10978412
  0.00085861  0.00781465  0.03611863  0.15065861  0.63145553  0.17309397
  0.00000000  0.00000000  0.00000000  0.00000000  0.00000000  1.00000000
  0.62687207  0.25870929  0.07264497  0.02974751  0.01202616  0.00000000
  0.05926844  0.64126944  0.23831993  0.03909370  0.02204848  0.00000000
  0.01135320  0.12260923  0.61274165  0.18121307  0.02697929  0.04510355
  0.00653495  0.02300364  0.15418154  0.57345170  0.13143901  0.11138917
  0.00080381  0.00797742  0.03673005  0.14930341  0.63131318  0.17387213
  0.00000000  0.00000000  0.00000000  0.00000000  0.00000000  1.00000000
  0.62315164  0.25870420  0.07431753  0.03113201  0.01269461  0.00000000
  0.05810860  0.63657512  0.24080657  0.04017551  0.02433420  0.00000000
  0.01125196  0.12069382  0.60745476  0.18365384  0.02765102  0.04929460
  0.00657991  0.02303268  0.15251855  0.57164386  0.13321029  0.11301471
  0.00075247  0.00814325  0.03735037  0.14795464  0.63114623  0.17465304
  0.00000000  0.00000000  0.00000000  0.00000000  0.00000000  1.00000000
  0.61935284  0.25865717  0.07601628  0.03257567  0.01339804  0.00000000
  0.05695153  0.63169412  0.24323405  0.04127281  0.02684748  0.00000000
  0.01114580  0.11874638  0.60189953  0.18603046  0.02832471  0.05385312
  0.00662466  0.02305998  0.15086181  0.56979763  0.13499500  0.11466091
  0.00070439  0.00831222  0.03797968  0.14661232  0.63095469  0.17543671
  0.00000000  0.00000000  0.00000000  0.00000000  0.00000000  1.00000000
  0.61547386  0.25856672  0.07774080  0.03408055  0.01413808  0.00000000
  0.05579661  0.62661590  0.24559403  0.04238421  0.02960924  0.00000000
  0.01103448  0.11676514  0.59606207  0.18833260  0.02899860  0.05880712
  0.00666920  0.02308550  0.14921142  0.56791299  0.13679293  0.11632795
  0.00065935  0.00848435  0.03861808  0.14527651  0.63073856  0.17622315
  0.00000000  0.00000000  0.00000000  0.00000000  0.00000000  1.00000000
  0.61151286  0.25843138  0.07949062  0.03564875  0.01491640  0.00000000
  0.05464318  0.62132925  0.24787747  0.04350809  0.03264201  0.00000000
  0.01091774  0.11474826  0.58992813  0.19054918  0.02967077  0.06418592
  0.00671351  0.02310923  0.14756744  0.56598994  0.13860388  0.11801599
  0.00061716  0.00865971  0.03926568  0.14394723  0.63049785  0.17701236
  0.00000000  0.00000000  0.00000000  0.00000000  0.00000000  1.00000000
  0.60746803  0.25824964  0.08126521  0.03728240  0.01573473  0.00000000
  0.05349060  0.61582232  0.25007458  0.04464256  0.03596994  0.00000000
  0.01079531  0.11269398  0.58348322  0.19266833  0.03033906  0.07002010
  0.00675758  0.02313115  0.14592996  0.56402849  0.14042761  0.11972521
  0.00057766  0.00883835  0.03992257  0.14262453  0.63023254  0.17780434
  0.00000000  0.00000000  0.00000000  0.00000000  0.00000000  1.00000000
  0.60333758  0.25801996  0.08306394  0.03898366  0.01659486  0.00000000
  0.05233817  0.61008267  0.25217479  0.04578549  0.03961889  0.00000000
  0.01066693  0.11060052  0.57671274  0.19467737  0.03100113  0.07634131
  0.00680139  0.02315122  0.14429904  0.56202867  0.14226391  0.12145577
  0.00054066  0.00902033  0.04058886  0.14130844  0.62994261  0.17859910
  0.00000000  0.00000000  0.00000000  0.00000000  0.00000000  1.00000000
  0.59911973  0.25774081  0.08488612  0.04075469  0.01749865  0.00000000
  0.05118521  0.60409725  0.25416673  0.04693442  0.04361638  0.00000000
  0.01053233  0.10846622  0.56960208  0.19656286  0.03165437  0.08318214
  0.00684493  0.02316943  0.14267478  0.55999049  0.14411253  0.12320785
  0.00050601  0.00920568  0.04126465  0.13999899  0.62962804  0.17939663
  0.00000000  0.00000000  0.00000000  0.00000000  0.00000000  1.00000000
  0.59481274  0.25741063  0.08673098  0.04259768  0.01844797  0.00000000
  0.05003103  0.59785248  0.25603819  0.04808661  0.04799169  0.00000000
  0.01039126  0.10628949  0.56213684  0.19831060  0.03229596  0.09057585
  0.00688818  0.02318576  0.14105724  0.55791401  0.14597321  0.12498160
  0.00047356  0.00939448  0.04195003  0.13869619  0.62928879  0.18019694
  0.00000000  0.00000000  0.00000000  0.00000000  0.00000000  1.00000000
  0.59041490  0.25702783  0.08859765  0.04451483  0.01944479  0.00000000
  0.04887495  0.59133429  0.25777609  0.04923894  0.05277574  0.00000000
  0.01024346  0.10406887  0.55430303  0.19990566  0.03292286  0.09855611
  0.00693114  0.02320018  0.13944652  0.55579927  0.14784569  0.12677720
  0.00044318  0.00958676  0.04264511  0.13740008  0.62892483  0.18100004
  0.00000000  0.00000000  0.00000000  0.00000000  0.00000000  1.00000000
  0.58592453  0.25659085  0.09048519  0.04650834  0.02049109  0.00000000
  0.04771628  0.58452821  0.25936651  0.05038793  0.05800107  0.00000000
  0.01008869  0.10180309  0.54608731  0.20133250  0.03353177  0.10715664
  0.00697377  0.02321267  0.13784268  0.55364636  0.14972970  0.12859481
  0.00041473  0.00978259  0.04334999  0.13611067  0.62853610  0.18180592
  0.00000000  0.00000000  0.00000000  0.00000000  0.00000000  1.00000000
  0.58134002  0.25609809  0.09239255  0.04858041  0.02158893  0.00000000
  0.04655435  0.57741949  0.26079468  0.05152975  0.06370172  0.00000000
  0.00992672  0.09949111  0.53747722  0.20257500  0.03411919  0.11641076
  0.00701608  0.02322321  0.13624582  0.55145535  0.15162495  0.13043458
  0.00038809  0.00998203  0.04406475  0.13482799  0.62812256  0.18261459
  0.00000000  0.00000000  0.00000000  0.00000000  0.00000000  1.00000000
  0.57665981  0.25554798  0.09431860  0.05073322  0.02274040  0.00000000
  0.04538856  0.56999323  0.26204499  0.05266011  0.06991312  0.00000000
  0.00975736  0.09713213  0.52846157  0.20361659  0.03468136  0.12635099
  0.00705805  0.02323178  0.13465602  0.54922633  0.15353114  0.13229668
  0.00036314  0.01018512  0.04478951  0.13355204  0.62768414  0.18342605
  0.00000000  0.00000000  0.00000000  0.00000000  0.00000000  1.00000000
  0.57188242  0.25493892  0.09626209  0.05296893  0.02394764  0.00000000
  0.04421830  0.56223454  0.26310102  0.05377434  0.07667181  0.00000000
  0.00958043  0.09472571  0.51903069  0.20444041  0.03521437  0.13700839
  0.00709966  0.02323837  0.13307335  0.54695941  0.15544796  0.13418126
  0.00033979  0.01039193  0.04552435  0.13228284  0.62722078  0.18424030
  0.00000000  0.00000000  0.00000000  0.00000000  0.00000000  1.00000000
  0.56700643  0.25426935  0.09822170  0.05528969  0.02521282  0.00000000
  0.04304304  0.55412873  0.26394567  0.05486731  0.08401524  0.00000000
  0.00939580  0.09227176  0.50917684  0.20502949  0.03571409  0.14841201
  0.00714090  0.02324294  0.13149790  0.54465470  0.15737509  0.13608847
  0.00031793  0.01060251  0.04626939  0.13102041  0.62673243  0.18505735
  0.00000000  0.00000000  0.00000000  0.00000000  0.00000000  1.00000000
  0.56203052  0.25353772  0.10019598  0.05769761  0.02653817  0.00000000
  0.04186234  0.54566159  0.26456118  0.05593349  0.09198140  0.00000000
  0.00920338  0.08977063  0.49889462  0.20536692  0.03617628  0.16058817
  0.00718175  0.02324548  0.12992976  0.54231234  0.15931220  0.13801847
  0.00029746  0.01081691  0.04702470  0.12976475  0.62621899  0.18587719
  0.00000000  0.00000000  0.00000000  0.00000000  0.00000000  1.00000000
  0.55695348  0.25274247  0.10218338  0.06019475  0.02792592  0.00000000
  0.04067582  0.53681962  0.26492929  0.05696687  0.10060840  0.00000000
  0.00900312  0.08722318  0.48818132  0.20543611  0.03659657  0.17355969
  0.00722219  0.02324598  0.12836900  0.53993248  0.16125894  0.13997141
  0.00027829  0.01103520  0.04779039  0.12851587  0.62568041  0.18669984
  0.00000000  0.00000000  0.00000000  0.00000000  0.00000000  1.00000000
  0.55177419  0.25188212  0.10418222  0.06278311  0.02937835  0.00000000
  0.03948322  0.52759035  0.26503138  0.05796106  0.10993398  0.00000000
  0.00879503  0.08463081  0.47703738  0.20522110  0.03697054  0.18734515
  0.00726222  0.02324441  0.12681572  0.53751526  0.16321496  0.14194743
  0.00026035  0.01125743  0.04856655  0.12727378  0.62511660  0.18752529
  0.00000000  0.00000000  0.00000000  0.00000000  0.00000000  1.00000000
  0.54649168  0.25095516  0.10619075  0.06546464  0.03089777  0.00000000
  0.03828442  0.51796273  0.26484869  0.05890924  0.11999492  0.00000000
  0.00857920  0.08199551  0.46546677  0.20470679  0.03729376  0.20195797
  0.00730182  0.02324075  0.12526999  0.53506087  0.16517989  0.14394668
  0.00024356  0.01148367  0.04935327  0.12603848  0.62452748  0.18835354
  0.00000000  0.00000000  0.00000000  0.00000000  0.00000000  1.00000000
  0.54110507  0.24996018  0.10820708  0.06824119  0.03248648  0.00000000
  0.03707943  0.50792745  0.26436251  0.05980426  0.13082636  0.00000000
  0.00835578  0.07931994  0.45347741  0.20387933  0.03756188  0.21740567
  0.00734096  0.02323500  0.12373191  0.53256949  0.16715334  0.14596929
  0.00022784  0.01171396  0.05015066  0.12480998  0.62391297  0.18918460
  0.00000000  0.00000000  0.00000000  0.00000000  0.00000000  1.00000000
  0.53561368  0.24889577  0.11022920  0.07111453  0.03414682  0.00000000
  0.03586844  0.49747740  0.26355448  0.06063861  0.14246106  0.00000000
  0.00812500  0.07660743  0.44108152  0.20272643  0.03777067  0.23368896
  0.00737964  0.02322712  0.12220156  0.53004133  0.16913493  0.14801542
  0.00021313  0.01194837  0.05095879  0.12358829  0.62327297  0.19001846
  0.00000000  0.00000000  0.00000000  0.00000000  0.00000000  1.00000000
  0.53001694  0.24776060  0.11225499  0.07408635  0.03588111  0.00000000
  0.03465184  0.48660814  0.26240691  0.06140458  0.15492853  0.00000000
  0.00788718  0.07386204  0.42829594  0.20123774  0.03791612  0.25080098
  0.00741785  0.02321711  0.12067902  0.52747659  0.17112426  0.15008518
  0.00019935  0.01218695  0.05177776  0.12237339  0.62260739  0.19085514
  0.00000000  0.00000000  0.00000000  0.00000000  0.00000000  1.00000000
  0.52431449  0.24655340  0.11428223  0.07715820  0.03769168  0.00000000
  0.03343022  0.47531826  0.26090312  0.06209425  0.16825415  0.00000000
  0.00764272  0.07108856  0.41514235  0.19940520  0.03799453  0.26872664
  0.00745556  0.02320494  0.11916438  0.52487550  0.17312090  0.15217871
  0.00018646  0.01242978  0.05260767  0.12116530  0.62191615  0.19169463
  0.00000000  0.00000000  0.00000000  0.00000000  0.00000000  1.00000000
  0.51850614  0.24527296  0.11630855  0.08033150  0.03958084  0.00000000
  0.03220441  0.46360997  0.25902781  0.06269965  0.18245815  0.00000000
  0.00739212  0.06829249  0.40164745  0.19722340  0.03800259  0.28744195
  0.00749276  0.02319061  0.11765773  0.52223832  0.17512443  0.15429615
  0.00017440  0.01267690  0.05344860  0.11996402  0.62119915  0.19253693
  0.00000000  0.00000000  0.00000000  0.00000000  0.00000000  1.00000000
  0.51259189  0.24391817  0.11833151  0.08360754  0.04155090  0.00000000
  0.03097548  0.45148945  0.25676752  0.06321286  0.19755469  0.00000000
  0.00713597  0.06548008  0.38784299  0.19468986  0.03793746  0.30691364
  0.00752943  0.02317410  0.11615915  0.51956529  0.17713441  0.15643761
  0.00016311  0.01292838  0.05430063  0.11876953  0.62045630  0.19338205
  0.00000000  0.00000000  0.00000000  0.00000000  0.00000000  1.00000000
